,ACF_FOOD,ACF_LODGE,AGR,ART_CRE,ART_SPO,BUS_FAC,BUS_RENT,BUS_SUP,CON,EDU,E_AI,E_BATT,E_BIO,E_CONT,E_HEALTH,E_PLAT,E_RENEW,E_SEMI,FIN_AUX,FIN_BANK,FIN_INS,HW_WELF,H_CHEM,H_ELEC,H_ELECEQ,H_HEALTH,H_INFOSVC,H_MEDIA,H_RETAIL,H_UTIL,ICT_TEL,MFG_APP,MFG_AUTO,MFG_BEV,MFG_COKE,MFG_FOOD,MFG_FURN,MFG_LEATHER,MFG_MACH,MFG_METAL,MFG_NONMET,MFG_OTH,MFG_OTRANS,MFG_PAPER,MFG_PREC,MFG_PRINT,MFG_REP,MFG_STEEL,MFG_TEX,MFG_TOB,MFG_WOOD,MIN_COAL,MIN_MET,MIN_NONMET,PER_ASSOC,PER_OTH,PER_REP,PRO_ENG,PRO_ETC,PRO_PRO,PRO_RND,PUB,RE,TRN_AIR,TRN_LAND,TRN_SEA,TRN_WARE,UTL_SEW,UTL_WASTE,UTL_WATER
ACF_FOOD,3.599254429318597,2.1908948564779767,0.06224850054646821,1.083899091956842,0.4615899028135237,0.18344205193889498,0.18888647428978692,0.49941915796843633,0.09337222871040896,0.055158496100238236,2.3524352252904595,-0.08911051078641959,0.19549554737551625,2.393052227980836,-0.0595985125502443,-0.41600775116328603,0.039975643039919816,-0.3278833875048359,-0.3110957410396475,0.08566469227305312,0.01636556615619986,-0.23088594079576802,-0.03281202202303447,-0.3278833875048359,-0.08911051078641771,-0.0595985125502479,-1.0603075746032393,-0.47187009060157714,0.3219900273972688,0.039975643039919816,0.5956649579094936,-0.12155326546695618,-0.2716093416481595,0.10896391096682341,-0.5523221903052797,0.23847814629206057,0.040036822938330045,-0.1257037601346608,0.19097494727467032,0.12105970580676775,-0.012070930817526535,0.008456182379411379,-0.1751963863199517,0.16062849002918256,0.06038875851120773,0.2804321351924509,-0.04501280468127762,0.39546769128010395,-0.0052863505657724,-0.03996017175389421,0.09047392539373084,-0.006754319319541253,0.016083293966456132,0.05583318302349956,0.263207512267342,0.21064662424100283,0.22286726525676248,0.013492164289451596,0.014638794261781201,0.02922016489037236,0.11218666849169626,-0.015485022807993954,0.15921017004646756,0.4652981193694064,0.5155142917951927,0.29762608691755404,0.6135593784526755,0.28179591262393844,0.06925221539403488,0.05347813197594447
ACF_LODGE,2.1908948564779767,1.8145081776066474,0.03682721691556744,0.6965182417353064,0.4013871423407814,0.06044561298638508,0.11754872744857789,0.17786131194432972,0.09331776878408891,0.043391952052977155,1.0083893818889342,-0.0252410112822358,-0.14523384149445093,1.1492574470406822,-0.06532601998947665,-0.14616629900925432,-0.048538079979942673,-0.23021409351027217,-0.10601610739792203,-0.0031832261474925762,-0.03897862116239718,-0.08360522869685455,-0.09220960433019616,-0.23021409351027217,-0.025241011282235392,-0.06532601998948,-0.6620867850173962,0.058248929203385785,0.21252076658735136,-0.048538079979942673,0.26200206392015635,-0.07001460993517516,-0.20702157246885783,0.09857905286032623,-0.24937159881391746,0.1486779211026266,-0.006694756682696909,-0.14525709400250741,0.03187605031401538,0.09629939286763806,-0.046550863571799,-0.005683485836220297,-0.10715537894635861,0.10292596474903275,0.028791892464109126,0.14915927959532,-0.04304061913909579,0.17580768865096713,-0.06145113282910418,0.008808251014277483,0.07705296023310668,0.02986429398416118,0.051265189074616836,0.06918107703800527,0.21796803955447797,0.20606257866837732,0.20685281080963394,0.030073490150291485,0.02958765449103718,0.03467428338603742,0.06475154052035825,-0.01074905588913805,0.06660297888115906,0.3516100462636753,0.2607357972770675,0.18198850794676713,0.39737473000206636,0.1449033560458143,0.0801407321198583,0.06079283247766112
AGR,0.06224850054646821,0.03682721691556744,0.918158118165023,0.16020787304262377,0.08081919542574678,0.06879307697541362,0.044627252906663195,0.07374862998226633,0.024306378084538952,-0.01053520007593404,0.9459153011672624,-0.026982426387189413,-0.28749642991932073,-0.017812023627368702,0.011174304385121432,0.06618831760387661,-0.013968275002659307,0.08901108766941092,0.011621110232913004,0.02426785896102915,0.016239205967204826,-0.038419448937091774,0.0783808095124717,0.08901108766941092,-0.026982426387189055,0.011174304385120007,0.061265648455997905,-0.4852799280296328,0.050034642031182054,-0.013968275002659307,-0.05885680623778052,0.033814276574090064,-0.1375870235855408,0.010813169311668749,0.06624236932197487,0.04461125622265339,0.04834653160381705,0.045164830936893274,-0.07985492060874848,0.053970668437160724,-0.01721264244856045,0.04052793626897484,-0.12475958485217098,-0.04272251905446835,0.06712128607442633,-0.03593025832571058,0.0464209163174527,0.04956133852612227,0.043593991977649196,-0.009651975670134991,-0.05327688297340801,0.027000012893039743,0.022900712595596295,0.024402509644559287,-0.058451069738846714,-0.06342406370189202,-0.06108511451560867,0.03658822982964781,0.036092584146070014,0.038650927815132914,0.04271408013633341,0.01247711467635177,-0.06143323215437664,0.0634143030954003,0.07455283991689517,0.0440979808884049,0.0833578415894573,-0.004509079655038996,0.009723699402406343,0.010493632563259695
ART_CRE,1.083899091956842,0.6965182417353064,0.16020787304262377,1.711036938330605,1.0374552699897306,0.24600850418582043,0.20990840396653587,0.3414809965835362,0.031036724005214216,0.045008941937637534,4.100732398186827,0.04990916209938457,0.6564534992883437,1.271634565147375,-0.02791423716401227,-0.14750012494505796,-0.06081961528478906,-0.15610353819131012,-0.19778298191780053,0.09020441416240438,0.07839616194998325,-0.07843715793930951,0.06881841012372797,-0.15610353819131012,0.049909162099384785,-0.027914237164014765,-4.043267027071984,-0.68513837390746,0.1064982650225613,-0.06081961528478906,0.04533886428975897,0.12007663418048528,0.2813333360780104,-0.0699223482589629,0.1258682056706198,-0.05828700826308737,0.0819606090100918,0.06144033088000822,0.1918719659966204,0.07205383220061908,0.05425754922443527,0.08817967446270918,0.3265192230508826,0.00017339239978868433,-0.0439070966372711,0.16621599858973224,0.10408362105717182,0.05917266719034892,0.12214890169003678,-0.14196099025826991,0.09059609412317547,0.026562460315343987,0.09210736369322375,0.09998966212203525,0.16074758766380381,0.11601168465800048,0.12114523013334515,0.09259107031317279,0.08978550598912746,0.10357093270162299,0.14805260554153102,0.0025941207757218267,0.04103068211591836,0.28069379485707,0.19564292388887722,0.17809285554297283,0.2839281176749984,-0.05579021843498096,-0.10689684657581347,-0.09747302633054436
ART_SPO,0.4615899028135237,0.4013871423407814,0.08081919542574678,1.0374552699897306,1.0420292727181801,0.05203459675724318,0.1033140873131479,0.05686987521885894,0.02548740082328778,0.010457829116444549,0.6752788451226966,0.08151606519150174,0.29277863762977413,0.6644194449876326,0.012636453764519991,0.07200916747685107,-0.10719927232787943,-0.03551878218614757,-0.0713113307619217,0.016403343862719758,-0.036275081647796394,-0.038289914175236986,0.10069619459117052,-0.03551878218614757,0.08151606519150162,0.012636453764517632,-1.1232296450043828,-0.5968312703673299,0.07317196491693666,-0.10719927232787943,-0.030520026867222688,0.10313839564879348,0.4021251248206907,0.01832590310865421,0.45696182256161216,0.006746523060745887,-0.014149056588404992,0.07695468542780504,0.06996831928690185,0.023998979245062675,0.06676810287996263,0.007216219141140739,0.38676255280144084,0.08922627277521876,-0.02279916318118162,0.10092657096715955,0.024458707844150347,0.15468547775851105,0.13288164608208275,0.016804195970945,0.10632041779473504,-0.013167258381815466,0.057770003049526744,0.06468740873374018,0.11580980685525608,0.11752351078165005,0.11663296657919082,0.07841517398641032,0.07606857479712197,0.07870622461189647,0.08488743468069511,0.004455915027650892,-0.00523921488618469,0.1593076802017612,0.11125369630223206,0.09588863900539255,0.13100858156084827,-0.09083673698713933,-0.12418945948376263,-0.11794012761611415
BUS_FAC,0.18344205193889498,0.06044561298638508,0.06879307697541362,0.24600850418582043,0.05203459675724318,0.9035351689028587,0.7890301381562217,0.9238085251162957,-0.03449640723291436,0.009452057362375366,2.3728685007907893,-0.0988806764990013,0.0387050120044284,-0.015547199006136556,0.29752006819402715,-0.369648587715218,-0.0168641324428137,-0.22002740130107806,-0.3845735609605061,-0.08586683217928938,-0.1484152975507622,0.16137232515645025,-0.19833704278119293,-0.22002740130107806,-0.09888067649899977,0.29752006819402876,-1.9500356078921668,0.802506231947586,0.02468843839687131,-0.0168641324428137,0.010480034856822635,-0.1401401996050462,-0.32085318202758384,-0.1715034763141728,-0.25233529968430257,-0.21951493914765613,0.10497831715777645,-0.16245830840397268,-0.05728268599067596,0.06018732600145487,0.08573176054677922,0.08375828038997234,-0.33638922963489626,-0.19784421492130194,-0.09167036811745471,-0.05374875526924646,0.06797626674581368,-0.15883740429958654,-0.0922233795055166,-0.2178943040391052,-0.1039475774045247,0.23281135039422415,0.21002736592321491,0.21736429868594376,0.02728314776031636,-0.004627909605084476,-0.002234187900317301,0.08692219840833991,0.08615496007257341,0.09502395849689999,0.12006842669983642,-0.008399387325045346,0.006743471521694505,0.035032222019191865,0.08470400221692112,-0.018838891547057608,0.09550795900741449,0.11591911336167625,0.13936634680842283,0.11801586987603455
BUS_RENT,0.18888647428978692,0.11754872744857789,0.044627252906663195,0.20990840396653587,0.1033140873131479,0.7890301381562217,0.9573879044362807,0.8274028712421924,-0.048343490298282873,0.02137515023136505,1.7225860390390353,-0.10982759605580074,-0.1405023160182542,-0.4789670577061611,0.24195170982078062,-0.3952777544846924,-0.0489179398985624,-0.2868398684796535,-0.3203148990162535,-0.10333337367269183,-0.1604826851713608,0.1906971648533112,-0.1787313257487929,-0.2868398684796535,-0.10982759605580047,0.2419517098207852,-3.540284360461862,1.4509971162304813,0.02142149182129508,-0.0489179398985624,0.05868061077699671,-0.13565563265014544,-0.2703171224718022,-0.16676085495608278,-0.26117174222355094,-0.19204339014792537,0.04734547985582082,-0.17126724837536364,-0.09926023180538612,0.02486263683889862,0.06763424116410945,0.04083255107706505,-0.2676912682224254,-0.18691327479664302,-0.11960854847691176,-0.0578597305910778,0.030112849887719506,-0.10508004623479336,-0.10574422989901881,-0.1798584814366277,-0.09025981921880943,0.23134508682885657,0.2101650357863544,0.21610500493993745,0.01972100210057176,-0.002126182442281773,0.0004657284733847467,0.06979868423770996,0.0698997463589769,0.0757063489980563,0.09405256810336086,-0.006140397950703553,-0.004246786447139499,0.09810422670906631,0.12009630196912718,-0.013548236528192035,0.10760609870625881,0.12297990440547905,0.1239390861053243,0.1060478694030242
BUS_SUP,0.49941915796843633,0.17786131194432972,0.07374862998226633,0.3414809965835362,0.05686987521885894,0.9238085251162957,0.8274028712421924,1.3559218738612542,-0.041749874072473984,0.0056455155843487155,2.5827246898738268,-0.13004749961659692,0.10544718230710341,0.029577404876578207,0.2694691444295698,-0.3860193097449622,-0.03274965431642356,-0.27156838775609204,-0.37977037989504986,0.013578808810864708,-0.09301440887694132,0.18820385922305177,-0.1874377073848181,-0.27156838775609204,-0.13004749961659498,0.26946914442957187,0.2620363423368131,0.9506910474886584,0.07947853195306924,-0.03274965431642356,0.12486928103103556,-0.12110670598986964,-0.37084537737790263,-0.2223121236985048,-0.519154012395451,-0.2210824165821191,0.13040570077726604,-0.12274494408426347,0.008257730921457904,0.09208362632290401,0.0793730529090024,0.10118410150871597,-0.42904616687909525,-0.1820574335849697,-0.10378743553098323,-0.00845191801850499,0.08947881630742409,-0.06521310649452426,-0.06497571205371118,-0.292535402608515,-0.09328748305916927,0.2190301922931123,0.2111460229733047,0.23026269276510372,0.038079130120050896,-0.016378629787895147,-0.010369092021404534,0.07265067367253739,0.07570695533814256,0.08566083483028741,0.13020940940200287,-0.009608979752203966,0.03949474347257716,0.046923538757683694,0.1348024810934919,-0.11675918077082734,0.14667446322852357,0.17943190620894986,0.12736989340251784,0.09568403179600223
CON,0.09337222871040896,0.09331776878408891,0.024306378084538952,0.031036724005214216,0.02548740082328778,-0.03449640723291436,-0.048343490298282873,-0.041749874072473984,0.6132238869888826,0.008728452260806943,-0.3174336255054632,0.1635824539291853,0.15045577614482633,-0.003079357847525328,-0.025327237772538532,0.09071873748016349,0.0570750007039993,-0.11563789301502515,-0.11768658188286214,-0.07231680351671267,-0.08778533470302818,-0.01950605250552864,-0.1525053061539466,-0.11563789301502515,0.1635824539291856,-0.025327237772539726,0.3207692380189373,0.3137259852125582,0.0056846630144225755,0.0570750007039993,0.01981104439977339,-0.013783188976617313,0.037268078521027044,0.06411065207186621,0.10332209284246832,0.05106508657126288,0.04542521243414555,-0.001424796669145778,0.09863116155741088,0.18964463010270066,0.27697389826420843,0.04654714421108568,0.021742030665479035,0.010855338530127868,-0.06056284509412419,0.03269980351450185,0.046220295021696285,-0.02661994957283854,0.006605198250739777,0.07606449050215991,0.023126616226628455,0.11452427045080275,0.12134840733905251,0.12316076167472506,0.10513275030640588,0.1012736832298406,0.1025641433939236,0.032825551083520005,0.03311451562968345,0.03330247418275633,0.035616457547980665,0.0030900607434187024,0.03206851696249954,-0.09069707635985218,-0.05230861442013196,-0.06681625640750327,-0.0699230275609228,-0.02873553990321243,-0.009467375739723383,-0.013558543050879933
EDU,0.055158496100238236,0.043391952052977155,-0.01053520007593404,0.045008941937637534,0.010457829116444549,0.009452057362375366,0.02137515023136505,0.0056455155843487155,0.008728452260806943,0.07456324929618169,0.5115529971235634,0.014001821584975326,0.008994030033155529,-0.048404270267296906,0.03417619967086268,-0.10804373622837884,-0.04721325508806899,-0.03835292254372483,0.06417922939650056,0.03734927013933909,0.05623119568009864,0.01546445872306362,-0.0059841448914897885,-0.03835292254372483,0.014001821584974882,0.03417619967086299,-0.18133015244255685,0.09941528774688677,0.0330492859117941,-0.04721325508806899,-0.0012793673240728584,-0.021166460115412934,-0.018215345057982796,-0.0002924361562929447,0.15876395007329244,0.020184461283911694,-0.012223235729297092,-0.028147874311751572,0.01547558881997014,-0.020440293840317723,-0.017780420123900426,-0.011361509059564805,-0.019470874568910702,0.008497008467993051,-0.02565278398071398,0.013352245935277141,-0.013659796089415121,-0.0642983438757604,-0.022964620100245012,-0.006760282003249732,0.0110011441318618,0.010177439306827149,0.010866558748533449,0.00835616285666877,0.03002832768346851,0.026374077863537876,0.026946360207527977,0.005802875366848607,0.00610649903675952,0.006874170554859761,0.009054809725682735,0.0037446755726645116,-0.0035781405058204568,0.00814991301089425,0.0176471389338049,0.03819896174197517,0.02449106643770784,-0.010327129663922454,-0.004110551754871038,-0.006193161635844919
E_AI,2.3524352252904595,1.0083893818889342,0.9459153011672624,4.100732398186827,0.6752788451226966,2.3728685007907893,1.7225860390390353,2.5827246898738268,-0.3174336255054632,0.5115529971235634,64.75673439463502,0.12823756976863065,3.729030111888814,-0.05415163419126226,0.8743652653143676,-4.499905425378564,-0.807442755245946,0.3131489629391233,-0.710804619625615,0.40659649933977365,1.5856075263676024,0.2003985920533813,-0.2370338064423162,0.3131489629391233,0.1282375697686311,0.8743652653143577,-86.3299108965724,10.141344979931645,0.7582008117603024,-0.807442755245946,-0.7339668877109023,0.09881192033198316,-1.3270359808873526,-1.0132936239317625,-0.9402708760150654,-0.8216357447652837,0.9533283732466007,0.2160575685667211,1.2253652021957253,0.467040959158554,0.09708068166062755,0.5664350058304348,-1.3264556870473716,-0.5805319206454028,-0.36522219309187015,0.4389943100599191,0.5836539448740377,-1.4569761512292538,0.2852273632291556,-1.2915650826946659,0.06412111548201167,0.3761009728004959,0.394270142721125,0.3517900709797307,0.19666399549044694,-0.1972569080489998,-0.16368816748937165,7.383511463863238e-05,-0.010460146128824179,0.09672580042514738,0.38779628297167484,-0.06881562680289084,0.062358986578419276,0.8549507692923638,0.3902807797379514,0.6240472424504955,0.27213828522848904,-0.2557294920046813,0.034334125039120186,0.0235788899042383
E_BATT,-0.08911051078641959,-0.0252410112822358,-0.026982426387189413,0.04990916209938457,0.08151606519150174,-0.0988806764990013,-0.10982759605580074,-0.13004749961659692,0.1635824539291853,0.014001821584975326,0.12823756976863065,0.8921283508331513,0.24536755794600867,0.8778655990349626,-0.129554260152538,0.20977173983259104,0.02128455184404058,0.3727114785942683,0.14495132895588997,0.08660636733939507,0.11131674735158666,-0.0880955000576009,0.06834127863084304,0.3727114785942683,0.8921283508331498,-0.12955426015254082,-1.9330062728264068,-1.232237308283991,0.08780161632936424,0.02128455184404058,-0.10310157958163767,0.09176691195541287,0.23986782459252434,0.025603214701257586,0.6144546240240406,0.02983797647691948,0.05479462978393982,0.07982772162278572,0.18217417496852145,0.26502402841375144,0.08921319833553829,0.05171514340347206,0.15429426107277824,0.09451807639120022,0.23300907530770737,0.09185431739944301,0.0432602015751594,0.18119409819813054,0.11505851470705865,0.07082285891629425,0.09724484437376109,0.06651348834778778,0.09224371065153948,0.08941591156186023,0.0824751259904116,0.08281355687412345,0.08229788766760475,0.03743482689321813,0.03720597437008382,0.037886873769876296,0.037460054128347985,0.012201473178819575,0.01723054018268465,0.05770971518946741,0.06785116592670552,0.09176604640221003,0.033806380704592846,0.04876085695107806,0.05718355694109895,0.05183075755341316
E_BIO,0.19549554737551625,-0.14523384149445093,-0.28749642991932073,0.6564534992883437,0.29277863762977413,0.0387050120044284,-0.1405023160182542,0.10544718230710341,0.15045577614482633,0.008994030033155529,3.729030111888814,0.24536755794600867,11.438378777364779,-1.1479546222830772,0.05671384199645977,-0.6326025353008365,-0.024112711431575343,-0.2969018023998918,-0.30244988669022793,0.13561738599074705,-0.053317728732444884,0.2220386715827664,-0.5719205015951512,-0.2969018023998918,0.24536755794601187,0.056713841996457376,-3.4502882680919833,7.160535648754132,0.36992287148540126,-0.024112711431575343,0.4376592687547905,0.2568425446033596,0.1024155662508188,-0.1883960113442017,-1.2807852993604973,-0.43116419711035947,0.23325307840416162,0.3504861596733198,0.5765201275627135,0.14200163025061133,0.2037950410371486,0.4852076296911489,0.14252719977957376,-0.013391078169370135,0.2364906619081878,0.3692786988095603,0.48843767766067014,-0.10939085717946127,0.3873225632722864,0.16957179407872458,0.2795229094166685,-0.5597284955460955,-0.4165127318674402,-0.4558355990189658,0.2864755985067498,0.18603067287137953,0.18640774551918218,-0.024782555315093116,-0.010460423202736241,-0.008353923373063146,0.057743693043059124,0.00047157878974881897,0.2154455983269916,-0.5487387328750554,-0.3219878345076698,-0.23202670948551968,-0.8503457341771828,-0.13471365247308595,-0.26993194083158506,-0.3581753748102872
E_CONT,2.393052227980836,1.1492574470406822,-0.017812023627368702,1.271634565147375,0.6644194449876326,-0.015547199006136556,-0.4789670577061611,0.029577404876578207,-0.003079357847525328,-0.048404270267296906,-0.05415163419126226,0.8778655990349626,-1.1479546222830772,66.56659901951586,0.024197492889024796,4.967704221719056,0.4517706904638973,2.3980529827403103,0.3074497131283029,0.2802566309621469,0.3098414766111832,-1.6581334719268768,0.8642617698546194,2.3980529827403103,0.8778655990349608,0.02419749288901653,0.8363846461799312,-103.14408722747741,0.4808699961151847,0.4517706904638973,-1.0015900469671406,-0.3259709025780941,-0.061615342044653416,-0.033620766614056594,1.8886842513690811,0.09180678349662212,0.25953215414726366,-0.8252597982281983,-0.16247542230697198,0.6165264046202554,0.08411266444801214,0.4469988064623831,1.0164648130132246,0.30624254587236893,1.202372513035372,-0.014934342170518086,0.5610169265999038,2.0895808274182737,-0.742999818041689,-0.3120310726702156,-0.07222855902792573,-0.2557095207535419,-0.5640824994901308,-0.6233152576493955,0.40718348734155924,0.4826607116345189,0.4912332242116866,0.2439521535896085,0.21611947916705412,0.22736496361825093,0.15897892622538323,-0.039256735322488155,0.3713152601156936,0.9074787468408596,0.8197488440067009,2.0443107548594632,2.122822372528987,0.2788043660722377,0.23813089822064562,0.4564232291810044
E_HEALTH,-0.0595985125502443,-0.06532601998947665,0.011174304385121432,-0.02791423716401227,0.012636453764519991,0.29752006819402715,0.24195170982078062,0.2694691444295698,-0.025327237772538532,0.03417619967086268,0.8743652653143676,-0.129554260152538,0.05671384199645977,0.024197492889024796,2.292218079083396,-0.2667482402998074,-0.07957328334448463,-0.37323894400685187,-0.05123552568196603,0.0017999926768866095,-0.07887048045379771,0.5676245945717071,-0.19066743012021284,-0.37323894400685187,-0.12955426015253946,2.2922180790833946,-0.49564176551619804,0.7787297599593499,0.02159785049551255,-0.07957328334448463,-0.12983579200607778,-0.14530641671860173,-0.30814130594635103,-0.12275800857950901,-0.0030418071898032717,-0.20288357538133545,0.06981769607652903,-0.14725265530465723,-0.09224282362703717,-0.02983562454284478,-0.013018501601275054,0.12252702420437556,-0.3199583260750309,-0.1340940489570804,-0.15115780823008954,-0.03529819417055918,0.11993149276714393,-0.2670653113397806,-0.08988915974624685,-0.09034335419736204,-0.04638601819835398,0.0023952023287276136,0.02518104525080777,0.013830147077084213,-0.07002870025671364,-0.08627099056298661,-0.08389140366462003,-0.04531588614569573,-0.03834323796007848,-0.04123578969611383,-0.031307979794861655,0.014428059538600121,-0.05736298502666118,-0.06853083019952949,-0.005492897811192494,0.09419777208757196,-0.19262181129449155,-0.004152785490782314,0.004544237496599259,-0.017925865121058985
E_PLAT,-0.41600775116328603,-0.14616629900925432,0.06618831760387661,-0.14750012494505796,0.07200916747685107,-0.369648587715218,-0.3952777544846924,-0.3860193097449622,0.09071873748016349,-0.10804373622837884,-4.499905425378564,0.20977173983259104,-0.6326025353008365,4.967704221719056,-0.2667482402998074,7.74268433479452,-0.07237552061579136,0.3414668195552146,-0.01771623091137115,-0.05108486452149728,-0.06361072984821395,-0.1546118181664398,0.12610854043707467,0.3414668195552146,0.20977173983259403,-0.2667482402998146,2.912793919841914,-9.513331163187878,-0.7533880464658023,-0.07237552061579136,-0.5720567232599073,-0.1734192342103443,-0.49211588824353714,0.2864242321612608,0.5718797553764602,0.21174308519667617,-0.1667833682723439,-0.05778779347886587,-0.05103209836297181,0.14024272760356682,0.132977185223517,-0.09712040318167525,0.02602838022640113,-0.009304668159110935,0.1115298423858781,-0.13878985687318196,-0.10870196681639564,0.2039157270177361,-0.14853001655499914,0.32072584913992497,-0.09526474664101568,0.23918253735660105,0.1457085676165374,0.15484527793244593,0.003987661386052408,0.0426284366843243,0.07029568815974874,0.14125225511768363,0.13754258685696572,0.12426629743622418,0.0918563724823145,0.028445876221922285,-0.018733218333056422,-0.00461234017266479,-0.19353615190824264,0.0020305118840243737,0.31865288015880977,0.5089101388159709,0.42954330681669295,0.5601294455462554
E_RENEW,0.039975643039919816,-0.048538079979942673,-0.013968275002659307,-0.06081961528478906,-0.10719927232787943,-0.0168641324428137,-0.0489179398985624,-0.03274965431642356,0.0570750007039993,-0.04721325508806899,-0.807442755245946,0.02128455184404058,-0.024112711431575343,0.4517706904638973,-0.07957328334448463,-0.07237552061579136,1.7688799553110048,-0.05761754483905723,-0.18255252037212782,-0.0770533189297123,-0.1979895847318637,-0.12891626983896973,-0.1148759865001798,-0.05761754483905723,0.02128455184404113,-0.07957328334448117,1.8309194352740115,-0.36975479159074465,-0.05577250449516827,1.7688799553110048,0.16872123321471563,-0.020242989879418218,-0.1501277000126606,-0.018412594880012123,0.11820417389546319,-0.04746975258864749,0.13472227874683593,-0.012328437811094791,-0.02461595805289957,0.20246021206132228,0.0831424644133353,0.09449871455252783,-0.0050222006823586254,-0.025344984503868417,-0.007525407164671948,-0.02345633530485453,0.08822293985696017,0.07316975063212107,0.0018284999171573806,-0.06871974743510295,-0.02209882935717026,0.06562893792191582,0.0855991214310807,0.09486201367808741,-0.07856004751935872,-0.07596022116942826,-0.0742604455847558,0.07447031409414313,0.07359708116699562,0.07451012941121951,0.07505807533215561,-0.03526074006827029,0.04321236704821211,0.0659005014930722,0.048955568375491525,-0.01127408969590123,0.06822280763798841,0.11839737672922498,0.09957979177737156,0.11954114289955924
E_SEMI,-0.3278833875048359,-0.23021409351027217,0.08901108766941092,-0.15610353819131012,-0.03551878218614757,-0.22002740130107806,-0.2868398684796535,-0.27156838775609204,-0.11563789301502515,-0.03835292254372483,0.3131489629391233,0.3727114785942683,-0.2969018023998918,2.3980529827403103,-0.37323894400685187,0.3414668195552146,-0.05761754483905723,2.177343946302988,0.222334237634664,0.15047969366124647,0.14944238114356342,-0.1205822183672826,0.45072602117040667,2.177343946302988,0.37271147859426706,-0.37323894400685664,-2.64124712368169,-4.315271670435743,0.10068460688331975,-0.05761754483905723,-0.15334046960241704,0.0260377811191836,-0.05733840908776035,-0.10812490988472556,0.6964439318053406,-0.061344295807443806,0.026171827706172105,0.06764316882470595,0.10260279401948479,0.045038203422861904,-0.05209126104271373,0.014877489007103652,0.04934365535763727,0.1077238034578313,1.051779254373246,0.04300635817058092,0.025306260388134598,0.4206519310133989,-0.015853941310062864,-0.1393487980522043,0.061944235746978195,-0.2883295624454093,-0.22116233636261057,-0.22493046511836984,-0.0425276024364677,-0.016000142648140904,-0.025724195779220898,0.015105436616876858,0.014778901690629178,0.013967513976755474,-0.006089575662201241,8.572625516443457e-05,-0.03999605456371995,0.01372628843927309,-0.05858896382438011,0.0818459810751755,0.09209272139150831,-0.03269760185483878,0.009728203712234406,0.07231826647270023
FIN_AUX,-0.3110957410396475,-0.10601610739792203,0.011621110232913004,-0.19778298191780053,-0.0713113307619217,-0.3845735609605061,-0.3203148990162535,-0.37977037989504986,-0.11768658188286214,0.06417922939650056,-0.710804619625615,0.14495132895588997,-0.30244988669022793,0.3074497131283029,-0.05123552568196603,-0.01771623091137115,-0.18255252037212782,0.222334237634664,1.75549140862396,0.7396309466524879,0.8840641837676887,0.045003111969567515,0.2616199940147396,0.222334237634664,0.1449513289558865,-0.05123552568196372,1.0008315324751174,-0.9241169427188487,0.0903258270548563,-0.18255252037212782,-0.10910158652748635,0.1581393475568851,0.2136652528506237,0.10404112273784302,0.7212737962727521,0.2235114003299427,-0.00977496116930139,0.155022645197879,0.20385429774453867,-0.04234087772238556,-0.11149509132597354,-0.012403563333734201,0.08303488167395182,0.2279710827549969,-0.024978874271648768,0.11882979744024885,-0.01119808406080545,0.21326001336955425,0.12611546744288138,0.16726399458748575,0.15673284530271586,-0.04684545987183369,-0.07087909447819579,-0.08799762686161526,-0.020693161466657613,0.0084096629045172,0.006689404058692268,-0.030837106277954645,-0.03174861009795424,-0.035715454877518545,-0.056917279231636746,0.00645700829652158,-0.0955360660774676,-0.049192650237842944,-0.06937792045419067,0.1623776554216217,-0.15536576110728467,-0.08083726368511544,-0.053772125162455046,-0.05281553869312556
FIN_BANK,0.08566469227305312,-0.0031832261474925762,0.02426785896102915,0.09020441416240438,0.016403343862719758,-0.08586683217928938,-0.10333337367269183,0.013578808810864708,-0.07231680351671267,0.03734927013933909,0.40659649933977365,0.08660636733939507,0.13561738599074705,0.2802566309621469,0.0017999926768866095,-0.05108486452149728,-0.0770533189297123,0.15047969366124647,0.7396309466524879,1.1306851642565199,0.7424279322692532,-0.017175757843323463,0.13009163365543033,0.15047969366124647,0.08660636733939406,0.0017999926768841584,1.3556944300492553,0.007887125902319036,0.124804007038626,-0.0770533189297123,0.22244876530767693,0.14384938054571844,-0.11376097188389334,0.07320575526699183,-0.08024129169814863,0.08369008533562004,0.016988526330636838,0.19828604149402732,0.2438267751789522,0.03437508869036468,0.01327156935249495,0.033724801714290834,-0.10214459287474191,0.12812847662558588,0.02203198996956196,0.14132980936718592,0.04302360180479333,0.11958973748546638,0.14433404799609917,0.03810337566698384,0.12411311629746294,-0.03303953235870864,0.005203261409462068,5.640204597375524e-05,0.017664150132964775,0.011137061101898002,0.006346947349314275,0.038262022505256295,0.04228760416500881,0.04355527039138985,0.05292670018854197,0.0004350171059844024,-0.07586963782034757,0.10005255241167117,0.022708131683714806,-0.03039394853309973,0.008237701409247462,0.028263405088993672,-0.02181258184177887,-0.023620364023454878
FIN_INS,0.01636556615619986,-0.03897862116239718,0.016239205967204826,0.07839616194998325,-0.036275081647796394,-0.1484152975507622,-0.1604826851713608,-0.09301440887694132,-0.08778533470302818,0.05623119568009864,1.5856075263676024,0.11131674735158666,-0.053317728732444884,0.3098414766111832,-0.07887048045379771,-0.06361072984821395,-0.1979895847318637,0.14944238114356342,0.8840641837676887,0.7424279322692532,1.1332058422604427,-0.04095222847570099,0.2430729002658222,0.14944238114356342,0.11131674735158431,-0.0788704804537975,-1.3326106683475158,-0.007619953318221451,0.12373715625640694,-0.1979895847318637,0.015699531577347367,0.09223425140560838,0.012025632912703227,0.03622494138684856,0.3699559529130213,0.08810138484179746,-0.002308947592817526,0.12211214482620052,0.2678421852657577,0.03577636032856762,0.0049979938439958715,0.01697162911031448,0.01653938251636136,0.14200780530037171,0.003421002302028883,0.13761501471311602,0.02624458548756626,0.22376822077451097,0.06297091036043136,0.0236287530450402,0.13524295865196898,0.008407978094224807,0.0035174925923426776,-0.0028371345976111826,0.008973279982303623,-0.0018980172225184922,-0.0005444173122802144,0.012838474498769806,0.015127927275680639,0.016874693570747713,0.026007062052873762,-0.0007962988586984642,-0.08707662127211992,0.030103480863443745,-0.0774178898511642,0.031949121803287045,-0.0760962019530654,0.050787565512759016,-0.00820554319384939,-0.009137153419248806
HW_WELF,-0.23088594079576802,-0.08360522869685455,-0.038419448937091774,-0.07843715793930951,-0.038289914175236986,0.16137232515645025,0.1906971648533112,0.18820385922305177,-0.01950605250552864,0.01546445872306362,0.2003985920533813,-0.0880955000576009,0.2220386715827664,-1.6581334719268768,0.5676245945717071,-0.1546118181664398,-0.12891626983896973,-0.1205822183672826,0.045003111969567515,-0.017175757843323463,-0.04095222847570099,0.9850576929112099,-0.1813744644918713,-0.1205822183672826,-0.08809550005760138,0.5676245945717062,-0.5206607530785703,2.8724286667611176,-0.007653546297234403,-0.12891626983896973,-0.1467099397473389,-0.07971685347580872,-0.26911779504621075,-0.08512604327399645,0.01670962503379675,-0.08482140752322047,-0.029203872083484933,-0.105847448416323,-0.030895680213528086,-0.07718580111117025,0.007671694728970894,-0.0021817273541949733,-0.2609212062188677,-0.09514167872886647,-0.052139386821591555,-0.04504325991624141,0.007160577949921522,-0.35931045909617026,-0.10051874237008096,-0.04109940491998413,-0.04927002538794256,0.035365837215318406,0.027601243296110713,0.012232235548045724,-0.08682472587979588,-0.0895347872242912,-0.09219281811721902,-0.04546903796119653,-0.04203826711598602,-0.04299678656737868,-0.04553829214627014,0.007859617108383517,-0.10722669142584036,-0.18744378079217058,-0.11972309856216568,-0.12794203000706883,-0.16689136581108616,-0.017862499755941882,0.02644933120715396,0.015878782541248065
H_CHEM,-0.03281202202303447,-0.09220960433019616,0.0783808095124717,0.06881841012372797,0.10069619459117052,-0.19833704278119293,-0.1787313257487929,-0.1874377073848181,-0.1525053061539466,-0.0059841448914897885,-0.2370338064423162,0.06834127863084304,-0.5719205015951512,0.8642617698546194,-0.19066743012021284,0.12610854043707467,-0.1148759865001798,0.45072602117040667,0.2616199940147396,0.13009163365543033,0.2430729002658222,-0.1813744644918713,1.2279960950409838,0.45072602117040667,0.06834127863084263,-0.19066743012021242,0.5201382692183356,-2.1437517569506057,0.1468421974239176,-0.1148759865001798,0.02914622867506631,0.24461654628517665,0.40967635606386543,0.12640542534554888,0.9448640439904438,0.2016034908473916,0.03585586466261715,0.2413576607843714,0.329513002702529,-0.02462643862376747,0.2244947161613212,0.0006601716793486922,0.2873091658595104,0.3500492310155226,0.22748932133995733,0.22027182505694154,-0.009534341251330923,0.8526492301761717,0.23515641044022612,0.12344723921274361,0.24504387347208642,-0.12559595240583873,-0.12641474058931676,-0.11683420588086978,-0.012526847826837394,0.0048779610118328915,0.005786189742626514,-0.03556213509232129,-0.03770027140102366,-0.03697491203739563,-0.046524104096377035,0.00866991154685037,-0.01723296531866543,0.12045932465585517,0.12669426827650113,0.14238491600546194,0.14353584049621773,-0.007497165728366163,-0.02567368354534933,-0.006910115234304247
H_ELEC,-0.3278833875048359,-0.23021409351027217,0.08901108766941092,-0.15610353819131012,-0.03551878218614757,-0.22002740130107806,-0.2868398684796535,-0.27156838775609204,-0.11563789301502515,-0.03835292254372483,0.3131489629391233,0.3727114785942683,-0.2969018023998918,2.3980529827403103,-0.37323894400685187,0.3414668195552146,-0.05761754483905723,2.177343946302988,0.222334237634664,0.15047969366124647,0.14944238114356342,-0.1205822183672826,0.45072602117040667,2.177343946302988,0.37271147859426706,-0.37323894400685664,-2.64124712368169,-4.315271670435743,0.10068460688331975,-0.05761754483905723,-0.15334046960241704,0.0260377811191836,-0.05733840908776035,-0.10812490988472556,0.6964439318053406,-0.061344295807443806,0.026171827706172105,0.06764316882470595,0.10260279401948479,0.045038203422861904,-0.05209126104271373,0.014877489007103652,0.04934365535763727,0.1077238034578313,1.051779254373246,0.04300635817058092,0.025306260388134598,0.4206519310133989,-0.015853941310062864,-0.1393487980522043,0.061944235746978195,-0.2883295624454093,-0.22116233636261057,-0.22493046511836984,-0.0425276024364677,-0.016000142648140904,-0.025724195779220898,0.015105436616876858,0.014778901690629178,0.013967513976755474,-0.006089575662201241,8.572625516443457e-05,-0.03999605456371995,0.01372628843927309,-0.05858896382438011,0.0818459810751755,0.09209272139150831,-0.03269760185483878,0.009728203712234406,0.07231826647270023
H_ELECEQ,-0.08911051078641771,-0.025241011282235392,-0.026982426387189055,0.049909162099384785,0.08151606519150162,-0.09888067649899977,-0.10982759605580047,-0.13004749961659498,0.1635824539291856,0.014001821584974882,0.1282375697686311,0.8921283508331498,0.24536755794601187,0.8778655990349608,-0.12955426015253946,0.20977173983259403,0.02128455184404113,0.37271147859426706,0.1449513289558865,0.08660636733939406,0.11131674735158431,-0.08809550005760138,0.06834127863084263,0.37271147859426706,0.8921283508331489,-0.1295542601525424,-1.9330062728263906,-1.232237308283982,0.08780161632936392,0.02128455184404113,-0.10310157958163596,0.09176691195541253,0.23986782459252246,0.025603214701257787,0.6144546240240402,0.02983797647691934,0.05479462978394033,0.07982772162278566,0.18217417496852198,0.2650240284137514,0.0892131983355395,0.051715143403472774,0.15429426107277758,0.09451807639120025,0.23300907530770695,0.09185431739944298,0.043260201575159994,0.1811940981981307,0.1150585147070588,0.0708228589162943,0.09724484437376095,0.06651348834778903,0.09224371065154048,0.08941591156186147,0.08247512599041167,0.08281355687412344,0.08229788766760475,0.0374348268932184,0.03720597437008408,0.03788687376987659,0.037460054128348366,0.012201473178819575,0.017230540182685102,0.057709715189467964,0.06785116592670615,0.0917660464022103,0.03380638070459345,0.04876085695107824,0.057183556941098584,0.05183075755341291
H_HEALTH,-0.0595985125502479,-0.06532601998948,0.011174304385120007,-0.027914237164014765,0.012636453764517632,0.29752006819402876,0.2419517098207852,0.26946914442957187,-0.025327237772539726,0.03417619967086299,0.8743652653143577,-0.12955426015254082,0.056713841996457376,0.02419749288901653,2.2922180790833946,-0.2667482402998146,-0.07957328334448117,-0.37323894400685664,-0.05123552568196372,0.0017999926768841584,-0.0788704804537975,0.5676245945717062,-0.19066743012021242,-0.37323894400685664,-0.1295542601525424,2.2922180790833915,-0.49564176551620753,0.7787297599593609,0.021597850495512674,-0.07957328334448117,-0.12983579200607465,-0.1453064167186056,-0.30814130594634953,-0.12275800857951051,-0.00304180718979875,-0.2028835753813381,0.06981769607652813,-0.14725265530465603,-0.0922428236270345,-0.02983562454284606,-0.013018501601275925,0.12252702420437374,-0.3199583260750323,-0.1340940489570833,-0.15115780823009267,-0.035298194170561514,0.11993149276714146,-0.267065311339782,-0.08988915974624972,-0.09034335419736157,-0.04638601819835603,0.0023952023287297877,0.025181045250808894,0.013830147077085533,-0.07002870025671329,-0.08627099056298676,-0.08389140366461995,-0.045315886145695504,-0.03834323796007824,-0.04123578969611351,-0.03130797979486121,0.01442805953860017,-0.05736298502666045,-0.0685308301995322,-0.005492897811192863,0.09419777208756971,-0.19262181129449327,-0.00415278549077601,0.004544237496603567,-0.017925865121054915
H_INFOSVC,-1.0603075746032393,-0.6620867850173962,0.061265648455997905,-4.043267027071984,-1.1232296450043828,-1.9500356078921668,-3.540284360461862,0.2620363423368131,0.3207692380189373,-0.18133015244255685,-86.3299108965724,-1.9330062728264068,-3.4502882680919833,0.8363846461799312,-0.49564176551619804,2.912793919841914,1.8309194352740115,-2.64124712368169,1.0008315324751174,1.3556944300492553,-1.3326106683475158,-0.5206607530785703,0.5201382692183356,-2.64124712368169,-1.9330062728263906,-0.49564176551620753,341.10094624714037,-3.79599458322011,-0.6971353490079109,1.8309194352740115,3.6067342879257174,-0.1729606113322751,0.18744055171649665,1.7118086245570379,-0.121151827575561,1.1679474736648146,-1.1646683589947249,-0.2944188493796338,-1.2890925092820877,-0.019919650309851943,-0.913389689328333,-0.7638620016120587,-0.4756976715284714,0.7064141727071965,-0.8675637136656557,-0.25614933585723626,-0.7787746988034583,2.164143997978824,-0.18029782661602162,1.1315162806748151,-0.35374049401805796,0.05188033925128076,0.36443320679738533,0.47936549040288934,-0.9411090742802248,-0.7036044832866543,-0.751640505955846,-0.020633954509080985,0.02483198008844194,-0.05715760155436849,-0.164481030485414,0.0506352258405948,-0.14824228974558018,-1.6564050812702071,-0.24734355571959954,-1.283895358752105,0.2369907396626272,-0.41329088179933154,-0.8095600076610282,-1.1581374525841377
